,blockNumber,timeStamp,hash,nonce,blockHash,from,contractAddress,to,value,tokenName,tokenSymbol,tokenDecimal,transactionIndex,gas,gasPrice,gasUsed,cumulativeGasUsed,input,confirmations,eth value,txn type,AccountId
0,,,,,,,,,,,,,,,,,,,,,,0x0c799cdd3cf8f60dd94f31fffcbbe952cc09f987
