,blockNumber,timeStamp,hash,nonce,blockHash,from,contractAddress,to,value,tokenName,tokenSymbol,tokenDecimal,transactionIndex,gas,gasPrice,gasUsed,cumulativeGasUsed,input,confirmations,eth value,txn type,AccountId
0,5800860,1529178962,0x124351fde5b6b99612c4306d224d1fa1f702df6c58e6fbebafd52b793d3ec00a,242,0xd654a02965f5f8da211372ebbb44dc3651d26e72df8979fd5b4f2ba52483f266,0x0000000000000000000000000000000000000000,0x7b2f9706cd8473b4f5b7758b0171a9933fc6c4d6,0x1e857859deb11afd0ca7b760f21a3d8ddb03dbdf,911,An Etheal Promo,HEALP,0,57,1800000,2000000000,1706757,6073007,deprecated,10174602,9.11E-16,received,0x1e857859deb11afd0ca7b760f21a3d8ddb03dbdf
1,5934554,1531160967,0x29306d3158c1e2e7c8f1827c652df15780d87548829054b53c184248e9815487,391,0x802aba976547d314b37519cb77a3b827d5f00b0ca0ec1575d56d5fbcd7433aa8,0xc7304352548c192f6ba59ee15e3e1ae9a5605608,0xe530441f4f73bdb6dc2fa5af7c3fc5fd551ec838,0x1e857859deb11afd0ca7b760f21a3d8ddb03dbdf,140000,GSENetwork,GSE,4,46,2500000,20000000000,1984152,3798265,deprecated,10040908,1.4E-13,received,0x1e857859deb11afd0ca7b760f21a3d8ddb03dbdf
2,6502247,1539362485,0x8256a42c56abe20180700f2f97a86446c7ebecdb2db60154e2fd69cace123651,851,0x08ad91fa5feb21cb7fe438b95b9a10b24499c5b34eae69c1f460059db326ed02,0x0000000000000000000000000000000000000000,0xaf47ebbd460f21c2b3262726572ca8812d7143b0,0x1e857859deb11afd0ca7b760f21a3d8ddb03dbdf,5,Promodl,PMOD,0,79,2000000,8000000000,1700346,5903500,deprecated,9473215,5E-18,received,0x1e857859deb11afd0ca7b760f21a3d8ddb03dbdf
3,6900280,1545006994,0xd6b817b3fa04abb1458c4596f7f4c5a9dd80f25e32149db93aa97fdebfd2070b,490,0x9d438c41dad78cecf7dd5a1a1dd047409e275d187d70187ba994811e2a85d3d0,0xbb530108497bd5007b74443119a8de8f33cc98bf,0xc3761eb917cd790b30dad99f6cc5b4ff93c4f9ea,0x1e857859deb11afd0ca7b760f21a3d8ddb03dbdf,99000000000000000000,ERC20,ERC20,18,74,3383373,6000000000,3383051,7064643,deprecated,9075182,99,received,0x1e857859deb11afd0ca7b760f21a3d8ddb03dbdf
4,7097383,1547971375,0xa524a103791e98603ec4fc3cdf9a285c34683e2bc4702e32c1a3c66154cb5305,6,0x09dce3d649b0aa38656d0c59a4af03dc3e6ca482879e48be66a481f5f483b2d0,0x4e9ce36e442e55ecd9025b9a6e0d88485d628a67,0x5040a75e178c373677d7506b7d5dce443249d365,0x1e857859deb11afd0ca7b760f21a3d8ddb03dbdf,13370000000000000000,Blockwell say NOTSAFU,NOTSAFU say Blockwell,18,16,2441888,41000000000,2441888,2986857,deprecated,8878079,13.37,received,0x1e857859deb11afd0ca7b760f21a3d8ddb03dbdf
5,15552342,1663406063,0x62b2267a852de5211c5b285d71763671c6632025c093f5097a239b9ff857ac20,5,0xb999d5c92d2ad435a39e5e2a5b802fd978eaae434ea6b3d56189d82a9c60a378,0x8f63610326cea078042c474434c4305bdc43e6bf,0x7495e5cc8f27e0bd5bd4cb86d17f0d841ca58ee4,0x1e857859deb11afd0ca7b760f21a3d8ddb03dbdf,10000000000000000,Arnoya classic,ARNC,18,55,2734260,6887350389,2734260,6146622,deprecated,423120,0.01,received,0x1e857859deb11afd0ca7b760f21a3d8ddb03dbdf
