,blockNumber,timeStamp,hash,nonce,blockHash,from,contractAddress,to,value,tokenName,tokenSymbol,tokenDecimal,transactionIndex,gas,gasPrice,gasUsed,cumulativeGasUsed,input,confirmations,eth value,txn type,AccountId
0,,,,,,,,,,,,,,,,,,,,,,0x3953918e685ecc0df46066a60f4aee861024b5a1
