,blockNumber,timeStamp,hash,nonce,blockHash,from,contractAddress,to,value,tokenName,tokenSymbol,tokenDecimal,transactionIndex,gas,gasPrice,gasUsed,cumulativeGasUsed,input,confirmations,eth value,txn type,AccountId
0,,,,,,,,,,,,,,,,,,,,,,0xA0fC95d1775E5CF03e084fFBDA359C64f8A35f59
