,blockNumber,timeStamp,hash,nonce,blockHash,from,contractAddress,to,value,tokenName,tokenSymbol,tokenDecimal,transactionIndex,gas,gasPrice,gasUsed,cumulativeGasUsed,input,confirmations,eth value,txn type,AccountId
0,,,,,,,,,,,,,,,,,,,,,,0xaebb072f0d6a85e2ce7a56a9912cfecc118d9917
