,blockNumber,timeStamp,hash,nonce,blockHash,from,contractAddress,to,value,tokenName,tokenSymbol,tokenDecimal,transactionIndex,gas,gasPrice,gasUsed,cumulativeGasUsed,input,confirmations,eth value,txn type,AccountId
0,,,,,,,,,,,,,,,,,,,,,,0xc70c8968ec3d43cb5cf7a16760dd5ef63e2775df
