,blockNumber,timeStamp,hash,nonce,blockHash,transactionIndex,from,to,value,gas,gasPrice,isError,txreceipt_status,input,contractAddress,cumulativeGasUsed,gasUsed,confirmations,methodId,functionName,eth value,txn type,AccountId
0,3861803,1497285306,0x7aa06866ccf3601862fe89382a02b936d574602324f2a394b706d00739813830,20893,0xb89015a78ec2ad1a897e61a10863a64cac2da68ee1108bbb93aba07c0f9740d3,55,0x69ea6b31ef305d6b99bb2d4c9d99456fa108b02a,0x09b2a7b5a3c2c292109c521b4cd491f3ec0a5072,2130500000000000000,90000,46328361153,0,,0x,,3396522,21000,12112068,0x,,2.1305,received,0x09b2a7b5a3c2c292109c521b4cd491f3ec0a5072
1,3863768,1497317406,0xd9c7f75d517c3ad61654956d42ac328be2780c3b0d031c2232fc69e55e91288b,0,0x0318be2a276ef84a48cefe055cb796ec54aa3cbe12a47e588508115d6c1f850b,76,0x09b2a7b5a3c2c292109c521b4cd491f3ec0a5072,0x672fcc87080531c573543c09b1d1b695fb30fb94,1000000000000000,60000,12023880704,0,,0x,,3395259,21000,12110103,0x,,0.001,sent,0x09b2a7b5a3c2c292109c521b4cd491f3ec0a5072
2,3863995,1497321246,0xcc1f7df2eb7532247dcdae06901ae50906b4d80e4331595467c255b8601ac1b4,78624,0xfbfa7f5573598db016261b6ff7c340a376cb475da1bd7f3b994cab845883218e,124,0xd94c9ff168dc6aebf9b6cc86deff54f3fb0afc33,0x09b2a7b5a3c2c292109c521b4cd491f3ec0a5072,1988000000000000000,90000,22458870304,0,,0x,,4194535,21000,12109876,0x,,1.988,received,0x09b2a7b5a3c2c292109c521b4cd491f3ec0a5072
3,3890060,1497745845,0x9a91879f4f565d368ee83de3c60e41a032a17c2fd4f56357c4429616bd9ea2f0,1,0xe900720c9a08b84f5c52db6382828f31cf83643e87b89de8bf611886284df6f9,44,0x09b2a7b5a3c2c292109c521b4cd491f3ec0a5072,0x4ff835ec8e78a52c0a53b0411924f7a8bf15f825,4002000000000000000,60000,20714281320,0,,0x,,2574364,21000,12083811,0x,,4.002,sent,0x09b2a7b5a3c2c292109c521b4cd491f3ec0a5072
4,4112398,1501774889,0x6e96be5e9d78f1ff63d8604f9854f725fcdc3d542847aa93b03dcaa4e508e25a,2,0xafe4dfecdb0cd58cee9f042d81c673c8991c402e13c7338b74fc539d5bafda64,23,0x09b2a7b5a3c2c292109c521b4cd491f3ec0a5072,0xfcf66259fcbb2e944f4e5c7f42e170527d2573f3,20000000000000000,25201,21000000000,0,,0x,,850506,21000,11861473,0x,,0.02,sent,0x09b2a7b5a3c2c292109c521b4cd491f3ec0a5072
5,4124397,1502031338,0x8c8e0931841501d35b293d76e6c5500007a080f6e2dc144270c7eb563c9391fb,3,0x9f6008633c8f602d18caac34e16f72f4a7af6e8bebc372e8f4530468c4221c32,29,0x09b2a7b5a3c2c292109c521b4cd491f3ec0a5072,0x78e8f7151aa0dc11b067169bb094eef51a67a164,93000000000000000,25201,21000000000,0,,0x,,996371,21000,11849474,0x,,0.093,sent,0x09b2a7b5a3c2c292109c521b4cd491f3ec0a5072
6,4169434,1502979217,0xb1f35b3274e2951f56f478d525c3f53eebbf83c84074e4407b1c48848586aa3c,233,0xfdf99837fc0a286558e6af03da141fe89dd9ed72160810b2a28137048d13e38a,39,0x72d9ac0a279f2b979f1fab1024a4b370dbb324af,0x09b2a7b5a3c2c292109c521b4cd491f3ec0a5072,2795700000000000000,30400,22000001337,0,,0x,,1500797,21000,11804437,0x,,2.7957,received,0x09b2a7b5a3c2c292109c521b4cd491f3ec0a5072
7,4173310,1503059518,0x5cab5ad628b41c5a8f4879c765cf7f496bf188006e742af4599b94132ca10464,4,0x8f8f2497a15a45b0cf2f3914cc0ccfbb772e45c939c9bdbd2d1e115958eecb58,173,0x09b2a7b5a3c2c292109c521b4cd491f3ec0a5072,0xaaab2ec23dd5dd9602e631b8399fa94c9d134b3a,2796000000000000000,25200,23756479900,1,,0x,,4481099,25200,11800561,0x,,2.796,sent,0x09b2a7b5a3c2c292109c521b4cd491f3ec0a5072
8,4173436,1503062357,0x18fc80bc213a9c1b78941612a0fa93ee45582af215e45da158c70c1d2994d94e,771,0x7a266490e1b1b1fb1362c401fa64518037461ef4d633a252bcc454cb70c2f66d,39,0x72d9ac0a279f2b979f1fab1024a4b370dbb324af,0x09b2a7b5a3c2c292109c521b4cd491f3ec0a5072,999000000000000000,30400,39000000000,0,,0x,,891459,21000,11800435,0x,,0.999,received,0x09b2a7b5a3c2c292109c521b4cd491f3ec0a5072
9,4193492,1503475467,0xf5705981be886a745d7ae3bfdb6301386dc645cc2fd1cc3dfb61e0e428190279,5,0xd3dcc0f3c5aa389b2c8d20caca9ce4cd6810be85ce664db1454a5f607dc341f9,15,0x09b2a7b5a3c2c292109c521b4cd491f3ec0a5072,0xa36c2178222376bd4c16499393888d58dc6a0e86,3790000000000000000,25201,19174627328,0,,0x,,337968,21000,11780379,0x,,3.79,sent,0x09b2a7b5a3c2c292109c521b4cd491f3ec0a5072
10,4243818,1504683878,0x230e9e4b5eedabc13a50c490bca37be022b0cc3cc01ffe5137be035e3d67c165,6,0x082a7129266035c946a6ce37c2b8777b2caad14baa17b95036256e5a99b38117,231,0x09b2a7b5a3c2c292109c521b4cd491f3ec0a5072,0xf230b790e05390fc8295f4d3f60332c93bed42e2,0,60000,41476134760,0,,0xa9059cbb00000000000000000000000093494be7791925f299f78865583c6ec8d9ea797d00000000000000000000000000000000000000000000000000000025a67e25b8,,5431198,37155,11730053,0xa9059cbb,"transfer(address _to, uint256 _value)",0,sent,0x09b2a7b5a3c2c292109c521b4cd491f3ec0a5072
11,4244014,1504688570,0x5ea4f068b6d823326a6f335caa9b12f7d9ecf8d9fecec3e38e7f6707a7643877,7,0x280617c4f8f303e7e15e923f61c33c58f4d084c01c5b076301b294d259bc93a2,77,0x09b2a7b5a3c2c292109c521b4cd491f3ec0a5072,0x38c6a68304cdefb9bec48bbfaaba5c5b47818bb2,0,120000,11491045376,0,,0xa9059cbb0000000000000000000000000a9a1ccef0e09c0c8707e238e9a756e76dc7595b00000000000000000000000000000000000000000000008ca74ee93854840000,,2144345,36829,11729857,0xa9059cbb,"transfer(address _to, uint256 _value)",0,sent,0x09b2a7b5a3c2c292109c521b4cd491f3ec0a5072
12,4244025,1504688799,0x8d6cc651dea3a349657a51b897123088fda631c44a8109e049f8ff10a5c20df5,8,0x4e796b9622aec1d425495fef30b34c5f15545c45827ad397ab70868cb0b6a3da,104,0x09b2a7b5a3c2c292109c521b4cd491f3ec0a5072,0x38c6a68304cdefb9bec48bbfaaba5c5b47818bb2,0,120000,6467164160,0,,0xa9059cbb0000000000000000000000000a9a1ccef0e09c0c8707e238e9a756e76dc7595b00000000000000000000000000000000000000000000003635c9adc5dea00000,,6507129,21829,11729846,0xa9059cbb,"transfer(address _to, uint256 _value)",0,sent,0x09b2a7b5a3c2c292109c521b4cd491f3ec0a5072
13,4247193,1504766124,0x3890d2159925a28cae86a9aa17bf53db3a04c04c70f09c7d9c467448d000ba97,8594,0x067a5434f88a0643b9254a9224384ce96bd949266657092ccb033b9aecf0a935,56,0xae99b03c5871a8d67aa98e404748059ec69c2f6a,0x09b2a7b5a3c2c292109c521b4cd491f3ec0a5072,2991006750000000000,940000,37585215805,0,,0x,,2254949,21000,11726678,0x,,2.99100675,received,0x09b2a7b5a3c2c292109c521b4cd491f3ec0a5072
14,4247631,1504777529,0x431c84f1d61966a3a6ddabdf74389213f349dd0e2b0f7b792551ceffd51f1c5a,8676,0x381abbd0054b21398f7d7d9318a55e3857945b14fa54795d621175923df851ca,54,0xae99b03c5871a8d67aa98e404748059ec69c2f6a,0x09b2a7b5a3c2c292109c521b4cd491f3ec0a5072,4947966900000000000,940000,37585215805,0,,0x,,3410831,21000,11726240,0x,,4.9479669,received,0x09b2a7b5a3c2c292109c521b4cd491f3ec0a5072
15,4251617,1504873427,0xbe78864250c4634e5c9ee1fc9513e0ba3d78d823fe11ce03db825a38cc8863e4,9375,0xa851021161a38ad9c4a0bc4fe8677be3b95ca8989afd6eb00fac6d81564dadbc,48,0xae99b03c5871a8d67aa98e404748059ec69c2f6a,0x09b2a7b5a3c2c292109c521b4cd491f3ec0a5072,787631777500000000,940000,42000000000,0,,0x,,2179898,21000,11722254,0x,,0.7876317775,received,0x09b2a7b5a3c2c292109c521b4cd491f3ec0a5072
16,4251907,1504880217,0x4d36eb498e81ca967ebdeca4077b1fccb231e4c7663c6d40946415e4dbb77360,9,0xcf6d02cb6a86301d053c870a0b7c5d965e711ce11a4b996901f35dd6f128f549,3,0x09b2a7b5a3c2c292109c521b4cd491f3ec0a5072,0x1cebf3a6bcf01fd68c12fca9de3735e9cd3ac3ad,8720000000000000000,25201,56853729280,0,,0x,,84000,21000,11721964,0x,,8.72,sent,0x09b2a7b5a3c2c292109c521b4cd491f3ec0a5072
17,4865851,1515279074,0xa83fcc808046c03ee81082df32581e5cebe7701936894501173170b43d638ef8,10,0xcf2d4a7cf5df3b8f7eb9ebb1eddba996f201b1bb5d7b842508608b5077a34ad3,230,0x09b2a7b5a3c2c292109c521b4cd491f3ec0a5072,0x177d39ac676ed1c67a2b268ad7f1e58826e5b0af,0,60000,23625000000,0,1,0xa9059cbb000000000000000000000000d4aa032eb562d403cdc07eeedecc707e31f75e5200000000000000000000000000000000000000000000000feb44f01a99094000,,7419477,52907,11108020,0xa9059cbb,"transfer(address _to, uint256 _value)",0,sent,0x09b2a7b5a3c2c292109c521b4cd491f3ec0a5072
18,4873355,1515397076,0xb42bec3a6d1b78a66f1f2d4e08f49cce3f2a09ebfb3c694ebeb5e5f12c455734,157,0x955d540a60eaf2a6724dc4124e7ec89aa32ecd2c752197228a424ef3c54dcef5,80,0xaed1c7c7ba8ec4b0404b8d8cfe65bf410c1ee209,0x09b2a7b5a3c2c292109c521b4cd491f3ec0a5072,200000000000000,25200,35343750000,0,1,0x,,3018967,21000,11100516,0x,,0.0002,received,0x09b2a7b5a3c2c292109c521b4cd491f3ec0a5072
19,4892966,1515710580,0xe5d199e5000479061bc393d04a9c602b1255cf22217649cad86e534057e1e985,11,0x869f6d7d82fc58b03ebfb038fb2588a87472ea1f2820531182bf65c27d89fe74,122,0x09b2a7b5a3c2c292109c521b4cd491f3ec0a5072,0x450bbc727100d806797cd617c88d1319563f8416,0,60000,17375000000,0,1,0xa9059cbb0000000000000000000000005873f04f407e9baa6960ece3e3be0343a748399a0000000000000000000000000000000000000000000000000000000005f5e100,,5002895,51383,11080905,0xa9059cbb,"transfer(address _to, uint256 _value)",0,sent,0x09b2a7b5a3c2c292109c521b4cd491f3ec0a5072
20,4935643,1516378910,0xc716bb2724b6dbb4e695bf8a11bd6a5e58132da7d5cd6fd43b9d1fd838bdbff9,12,0xef6fd5b8a8abbad81887f30fca1760dcec4cc8d6a83453b5f4c599d04124ebf1,242,0x09b2a7b5a3c2c292109c521b4cd491f3ec0a5072,0x5873f04f407e9baa6960ece3e3be0343a748399a,5000000000000000,25200,39250000000,0,1,0x,,7876436,21000,11038228,0x,,0.005,sent,0x09b2a7b5a3c2c292109c521b4cd491f3ec0a5072
21,4969941,1516882675,0x6b1560cda83c0bbb784e6924efe74aec7b19ab51fdaf3a93c9aaaff4b7af7e68,395771,0x878de1365345084e97884b137581035c8e684ea20f7f87585054cf3b8a9fca82,138,0x05ee546c1a62f90d7acbffd6d846c9c54c7cf94c,0x09b2a7b5a3c2c292109c521b4cd491f3ec0a5072,3397000000000000000,50000,31000000000,0,1,0x,,6175815,21000,11003930,0x,,3.397,received,0x09b2a7b5a3c2c292109c521b4cd491f3ec0a5072
22,4975174,1516958894,0x5657b787843425bd49640a38c831afe07c416f54148eb1004853606677aa07b4,13,0x29635df847dc99b296f25bc736efacf48c114b783562ebc81f5312f5a61469f4,71,0x09b2a7b5a3c2c292109c521b4cd491f3ec0a5072,0x672fcc87080531c573543c09b1d1b695fb30fb94,3000000000000000000,25200,27531250000,0,1,0x,,2505248,21000,10998697,0x,,3,sent,0x09b2a7b5a3c2c292109c521b4cd491f3ec0a5072
23,4980204,1517032312,0x3249ed2fff30ebabfbeac9cd51b36f3b7f56db0bae983f72a6e1c93ba86eda44,14,0x43950f5fbbb0b2b18542938d41739d101519dc2d5489c040eeeb7202ef81d694,23,0x09b2a7b5a3c2c292109c521b4cd491f3ec0a5072,0x3823297a97016ac5288bdc02f548de5898a235b6,300000000000000000,25200,33781250000,0,1,0x,,574861,21000,10993667,0x,,0.3,sent,0x09b2a7b5a3c2c292109c521b4cd491f3ec0a5072
24,4997084,1517275971,0x6da0f8084834983bab08df31053b088df22ffe1ad1d28c1d9862842679e0c457,262358,0x5ce6d993578387b39f58b35a05b8699c783ca02f13dadda1745de7fd7fafb466,105,0x236f9f97e0e62388479bf9e5ba4889e46b0273c3,0x09b2a7b5a3c2c292109c521b4cd491f3ec0a5072,1056000000000000000,420000,50000000000,0,1,0x,,4836970,21000,10976787,0x,,1.056,received,0x09b2a7b5a3c2c292109c521b4cd491f3ec0a5072
25,5049758,1518046351,0x154a9e0e0d9d401125d8fa3f54e7bf0a011568983da1204d764f3d0acfd33273,15,0x9075aaf1c943ea9975e4f00b839e664bf81db74c65c53f947c5e4814f7be8399,124,0x09b2a7b5a3c2c292109c521b4cd491f3ec0a5072,0x6ea6531b603f270d23d9edd2d8279135dc5d6773,0,60000,33000000000,0,1,0xa9059cbb0000000000000000000000007c44cbc311927f622f8121b23de58acd63de0c0b00000000000000000000000000000000000000000000324ae69ab71209700000,,4849948,36609,10924113,0xa9059cbb,"transfer(address _to, uint256 _value)",0,sent,0x09b2a7b5a3c2c292109c521b4cd491f3ec0a5072
26,5065194,1518270202,0x87444df23892b5885edb4aa39a892726439dacee5c1d83d5f0ab6573a12fe151,16,0x246db147713d950166158a10dc287914c36fbed87da685ec9f0c90d503cc7ece,181,0x09b2a7b5a3c2c292109c521b4cd491f3ec0a5072,0x672fcc87080531c573543c09b1d1b695fb30fb94,1000000000000000000,25200,20000000000,0,1,0x,,5135595,21000,10908677,0x,,1,sent,0x09b2a7b5a3c2c292109c521b4cd491f3ec0a5072
27,7288701,1551509599,0x9c71209095031e2e92982e35b8174343a92abd5cedf140e766b7cd43228ace61,17,0xc837bac16575900b161cade34c855d0cb8e8095277529dfb0b40d74e14a52b9d,5,0x09b2a7b5a3c2c292109c521b4cd491f3ec0a5072,0xf41861f194e7ba8de95144a89e0c6ed16ee0b3a0,0,60000,28187500000,0,1,0xa9059cbb000000000000000000000000c72e0187e01dc55d63563c5b4049f95e9c01553d0000000000000000000000000000000000000000000000000de0b6b3a7640000,,189418,51845,8685170,0xa9059cbb,"transfer(address _to, uint256 _value)",0,sent,0x09b2a7b5a3c2c292109c521b4cd491f3ec0a5072
28,7430185,1553414254,0xfa158bebe3a37ea0848f73ae40fe06796af6399d4a669467ff09c925e2c90399,18,0x10f3dd81ff18f4ff590dc8f66566602519d4f141594afe767eac0d89d166cea5,25,0x09b2a7b5a3c2c292109c521b4cd491f3ec0a5072,0xf263292e14d9d8ecd55b58dad1f1df825a874b7c,0,60000,6000000000,0,1,0xa9059cbb000000000000000000000000f4999c39b966302b591996987c9c1333ca98b2280000000000000000000000000000000000000000000000006124fee993bc0000,,1885184,52265,8543686,0xa9059cbb,"transfer(address _to, uint256 _value)",0,sent,0x09b2a7b5a3c2c292109c521b4cd491f3ec0a5072
29,7608683,1555819514,0xe55089c3f98683b73b0261774be2ec5b0da5a9e95a2febee8a26083b1bcc06e7,19,0xaa9059233aa450a4847dfe1277f24a5001682eba1a30f7d03bdd9b34e879a091,39,0x09b2a7b5a3c2c292109c521b4cd491f3ec0a5072,0x1014613e2b3cbc4d575054d4982e580d9b99d7b1,0,60000,5000000000,0,1,0xa9059cbb000000000000000000000000f4999c39b966302b591996987c9c1333ca98b228000000000000000000000000000000000000000000000000000004a36fb03800,,5487448,37078,8365188,0xa9059cbb,"transfer(address _to, uint256 _value)",0,sent,0x09b2a7b5a3c2c292109c521b4cd491f3ec0a5072
30,7609922,1555835766,0x2adb4d24322d9fd70f2888f432a3bb951751bc9513f52c64efb141f3ca7fd179,20,0x0d256764634fe0f8923781c2170d683ad99f8d6bbb77bb3df2bed05f1a7baa6f,29,0x09b2a7b5a3c2c292109c521b4cd491f3ec0a5072,0xf263292e14d9d8ecd55b58dad1f1df825a874b7c,0,60000,6000000000,0,1,0xa9059cbb000000000000000000000000f4999c39b966302b591996987c9c1333ca98b2280000000000000000000000000000000000000000000000008ac7230489e80000,,1106852,37265,8363949,0xa9059cbb,"transfer(address _to, uint256 _value)",0,sent,0x09b2a7b5a3c2c292109c521b4cd491f3ec0a5072
31,7610049,1555837662,0x7584aea10ef9ac2a69c1e716491db7e6a074850f0efb3251f54c26f690dc20d2,21,0xad597225434aa7602e7a11b5308de32994d0c1482c16217bca95ce0aed9fa7cb,124,0x09b2a7b5a3c2c292109c521b4cd491f3ec0a5072,0xf263292e14d9d8ecd55b58dad1f1df825a874b7c,0,60000,6000000000,0,1,0xa9059cbb000000000000000000000000f4999c39b966302b591996987c9c1333ca98b22800000000000000000000000000000000000000000000021e19e0c9bab2400000,,4393052,37393,8363822,0xa9059cbb,"transfer(address _to, uint256 _value)",0,sent,0x09b2a7b5a3c2c292109c521b4cd491f3ec0a5072
32,7610067,1555837789,0x4b096e8c0bfefb973fe04f7bd5a5cd9cf2bed039ac39699b3b8bb1dab5ec4e41,22,0xb44cf78dfbb69ba64d9a7ee16db5492c3dcb68bbfcbdfa6c8a85f8aae4f08ae0,34,0x09b2a7b5a3c2c292109c521b4cd491f3ec0a5072,0xf263292e14d9d8ecd55b58dad1f1df825a874b7c,0,60000,3343750000,1,0,0xa9059cbb000000000000000000000000f4999c39b966302b591996987c9c1333ca98b2280000000000000000000000000000000000000000000028b9308cecfc11318000,,889990,24263,8363804,0xa9059cbb,"transfer(address _to, uint256 _value)",0,sent,0x09b2a7b5a3c2c292109c521b4cd491f3ec0a5072
33,7610084,1555838007,0x990f8e594a379da81cdd7a3653ff680fde99268d1643522b0e4811ff09bade47,23,0xe6c5a2cbcc9939e312934f5061e71df1b9c402fa6b5e5476ee43e9bf1fac5106,27,0x09b2a7b5a3c2c292109c521b4cd491f3ec0a5072,0xf263292e14d9d8ecd55b58dad1f1df825a874b7c,0,60000,3343750000,0,1,0xa9059cbb000000000000000000000000f4999c39b966302b591996987c9c1333ca98b22800000000000000000000000000000000000000000000269b0b7ec838f8d80000,,1590641,37393,8363787,0xa9059cbb,"transfer(address _to, uint256 _value)",0,sent,0x09b2a7b5a3c2c292109c521b4cd491f3ec0a5072
34,7610668,1555845705,0x88b1909698f927a8882ae7ec718834602844ba18eb37fef92c53d772a33a697f,24,0xa86ed6051dc3810cbaf02370345001fc5d5cedc350061c8bb202a41043ac249b,96,0x09b2a7b5a3c2c292109c521b4cd491f3ec0a5072,0x51fb3da8a67861361281ac56fe2ad8c3b4539ffa,0,60000,3343750000,0,1,0xa9059cbb000000000000000000000000581e87db22b6b740dd5f1a5b5f7afc51c6d9452e000000000000000000000000000000000000000000003214b0d1094c2ad00000,,5176132,36959,8363203,0xa9059cbb,"transfer(address _to, uint256 _value)",0,sent,0x09b2a7b5a3c2c292109c521b4cd491f3ec0a5072
35,13061107,1629448837,0xe1d2e270040179feaef76d95b4c68c7bc16739c0128c68eee623cd4ab1466cfe,25,0x69c704f8723a115355b7f04549e541114d356b3b563d09bc90af8c504a2697b5,195,0x09b2a7b5a3c2c292109c521b4cd491f3ec0a5072,0x060a88614bc566743564f6e34149627e499fa20c,146300000000000000,21000,26000001459,0,1,0x,,17630763,21000,2912764,0x,,0.1463,sent,0x09b2a7b5a3c2c292109c521b4cd491f3ec0a5072
