,blockNumber,timeStamp,hash,nonce,blockHash,transactionIndex,from,to,value,gas,gasPrice,isError,txreceipt_status,input,contractAddress,cumulativeGasUsed,gasUsed,confirmations,methodId,functionName,eth value,txn type,AccountId
0,6136403,1534110845,0x4041231d7e61fe0254b54f9da4a1f89f0cf20b7a5a7c43deb2d1fb206e77473c,44,0x45a6afe1c4a89d0fc68fa84a9d72c8f9f21b83039ac52fe4f435007a458aa340,37,0xf6a0cfa4ae59c1b3e72dc622acbe48baefc6162f,0x0ed78cca6cdfa68e08b85c463f29dd8741ff06ad,994680000000000,100000,6000000000,0,1,0x,,2459005,21000,9839033,0x,,0.00099468,received,0x0ed78cca6cdfa68e08b85c463f29dd8741ff06ad
1,6136493,1534112181,0x2dafedd53815b567fbae3b0a456a0913664dbf749a57c554eef04d9d242fcd36,6315092,0x9eaaf63c8234718f57e08841084b91702a2ae7380b7766d4eb766a0f9dc4e1fb,17,0xfbb1b73c4f0bda4f67dca266ce6ef42f520fbb98,0x0ed78cca6cdfa68e08b85c463f29dd8741ff06ad,104000000000000000,150000,100000000000,0,1,0x,,1001456,21000,9838943,0x,,0.104,received,0x0ed78cca6cdfa68e08b85c463f29dd8741ff06ad
2,6140918,1534177544,0x951c67b08e3fdd4d7c9880abbb5c6b40bf3c77592e68db8c8c2a557ce915926e,2666,0x205b4412f45dddf0c20a4c97ccbfec5e94d70daaa28ab34187bec53ecd722f4c,2,0x00c24487f9c702a51d3a569b4c02d41544a8fe00,0x0ed78cca6cdfa68e08b85c463f29dd8741ff06ad,561943840000000000,100000,60000000000,0,1,0x,,354220,21000,9834518,0x,,0.56194384,received,0x0ed78cca6cdfa68e08b85c463f29dd8741ff06ad
3,6232156,1535508458,0xa6193f2380e7033f4f04f1acb9777e703f6fd7eb7d20ab3181211095c75e5de0,0,0x19cdea3b0c7a61e438f422b87a868042117867c6a1e29ce467f472ced7eb9492,55,0x0ed78cca6cdfa68e08b85c463f29dd8741ff06ad,0x86077ee7628eafe315425c354d140ccc18ea0c42,606620000000000000,21000,41000000000,0,1,0x,,1728240,21000,9743280,0x,,0.60662,sent,0x0ed78cca6cdfa68e08b85c463f29dd8741ff06ad
4,6865558,1544512397,0xb248e4ce99ef87277fff0de577c9d296c82f48b0fd3f39b65690a495586a7f86,1,0x428578fcae7246ec0b3e19f838d56614b87a36d31f5be6ce6d32b19a8a3091e8,69,0x0ed78cca6cdfa68e08b85c463f29dd8741ff06ad,0xcff29dda9b89f27a913c9b6eac8f3109b9fcce22,56000000000000000,21000,41000000000,0,1,0x,,2472208,21000,9109878,0x,,0.056,sent,0x0ed78cca6cdfa68e08b85c463f29dd8741ff06ad
