,blockNumber,timeStamp,hash,nonce,blockHash,transactionIndex,from,to,value,gas,gasPrice,isError,txreceipt_status,input,contractAddress,cumulativeGasUsed,gasUsed,confirmations,methodId,functionName,eth value,txn type,AccountId
0,6034491,1532624624,0x0d933003d78f3c3886362026a68f2e44320f0ec3bfcaf2a37da4d45a17071c4c,2,0x540b5367505a3c33af375d5be8148894471435e23439ca1b380b5a96aa831830,139,0xb9d5d5a1a9739bc2fdf13936af143562a01c4737,0x10aed5faf0a98c168cce8aa285ed11aa3ec163ad,7000000000000000000,21000,4000000000,0,1,0x,,7854218,21000,9938828,0x,,7,received,0x10aed5faf0a98c168cce8aa285ed11aa3ec163ad
1,6034648,1532626960,0x647643e4b7ab13e27c81a388a4cbafbd61634f59c7fc855ad9c2e349c4f64a63,14,0xf49ff7d7b84968a6f6b5877954f38701f00eb447f4cebb3fa9c1429dedd143d7,51,0xb9d5d5a1a9739bc2fdf13936af143562a01c4737,0x10aed5faf0a98c168cce8aa285ed11aa3ec163ad,240830858927000000,21000,4000000000,0,1,0x,,2147435,21000,9938671,0x,,0.240830858927,received,0x10aed5faf0a98c168cce8aa285ed11aa3ec163ad
2,6075480,1533222342,0x1a62c1fbc512aaa31b3b9efe2e6227a2fee734abcb226712e3ac42a463bbc79d,36,0x18892c4ec72905c725904abd26e4d5ed67c875a631e57014c59de255aa797b7d,198,0x10d0418c5439765dce537d9655d5b9f0c2b61844,0x10aed5faf0a98c168cce8aa285ed11aa3ec163ad,21000000000000000000,21000,10000000000,0,1,0x,,7759521,21000,9897839,0x,,21,received,0x10aed5faf0a98c168cce8aa285ed11aa3ec163ad
3,6441358,1538508538,0x399d0677c3cfbbd18316a8dea00e0e7a0a8cc55904cbfa78bbbf7b18c1e68b4b,0,0x16df92d5c952bd25105fbb14350662b500d6d707baf7b41146586b0dee82161d,72,0x10aed5faf0a98c168cce8aa285ed11aa3ec163ad,0xbaddeadfef33a6f15e16a0736046e46b85b14de2,28239969858927000000,21000,10000000000,0,1,0x,,4386983,21000,9531961,0x,,28.239969858927,sent,0x10aed5faf0a98c168cce8aa285ed11aa3ec163ad
4,7325176,1552001742,0x9b28e099cc91a3d1930597b9235b0e3464477e1b3c4f6344701d4af1bd014dac,1,0x759c4a2b734c3d9eaba66a46e825e4be09b438bcc53cdb6041d0b245221de2b2,59,0x10aed5faf0a98c168cce8aa285ed11aa3ec163ad,0xb9d5d5a1a9739bc2fdf13936af143562a01c4737,629999790000000,21000,1000010000,0,1,0x,,4037662,21000,8648143,0x,,0.00062999979,sent,0x10aed5faf0a98c168cce8aa285ed11aa3ec163ad
5,7325228,1552002458,0x2595a4a2f9fcfccd0e1fa58652cbca65d5125ef9c159fecd967223765d826a11,18,0x833ea7deeacf6f784d3509d176ee53c638c463c0c1f643e209f59ef6a1627c3b,25,0xb9d5d5a1a9739bc2fdf13936af143562a01c4737,0x10aed5faf0a98c168cce8aa285ed11aa3ec163ad,86981269238589000,21000,1001000000,0,1,0x,,6069522,21000,8648091,0x,,0.086981269238589,received,0x10aed5faf0a98c168cce8aa285ed11aa3ec163ad
6,7325275,1552003031,0xc2c9c62f50f5cc86c3866f94edb39509b73d48b0718796d5ef35796c8a901298,8,0xf8c3a8e6e656f38c3460f0df3f9a83fab6f914fcc9dc5b5d4f54cddad479a99c,14,0x4ec4d861d921e536e560d785c6467077ae6f80b1,0x10aed5faf0a98c168cce8aa285ed11aa3ec163ad,13499314258178581,21000,1000000001,0,1,0x,,3045437,21000,8648044,0x,,0.013499314258178581,received,0x10aed5faf0a98c168cce8aa285ed11aa3ec163ad
7,7838413,1558915662,0x847a78c5e53859a8060239c170a8c57886ef5f890d627cd2f2418723082e9c7d,2,0x5ccdee950be20550bf1fcc6faea33fdfb87513e02e95efe04b2849d7f2cd55bf,29,0x10aed5faf0a98c168cce8aa285ed11aa3ec163ad,0xdeadfacedca80f738dd79fb3b4c6119aba779fa9,100459583494667581,21000,1000000100,0,1,0x,,3601457,21000,8134906,0x,,0.100459583494667581,sent,0x10aed5faf0a98c168cce8aa285ed11aa3ec163ad
