,blockNumber,timeStamp,hash,nonce,blockHash,transactionIndex,from,to,value,gas,gasPrice,isError,txreceipt_status,input,contractAddress,cumulativeGasUsed,gasUsed,confirmations,methodId,functionName,eth value,txn type,AccountId
0,7972821,1560732394,0xc10b4e7eeca8c57654a20cf4f0b1fbbe158c21657da7e01d9d8b9ce0d8d60c65,1425216,0x4cae66b4c0b2a5eca3ace6c94df24b5cf152e1110e61cd2fc530769302be7a75,1,0x564286362092d8e7936f0549571a803b203aaced,0x25f46306aaa6762b2242d4e8aa2ba851cd24ff72,9990000000000000000,21000,40000000000,0,1,0x,,42000,21000,8000855,0x,,9.99,received,0x25f46306aaa6762b2242d4e8aa2ba851cd24ff72
1,7979265,1560819180,0x36d0ca37104cad351c29bec7b62b56f829bbd71b847c8b11fa780650d788e5cd,0,0x638cf06b24182a1eea9000d2536b562799c647bb22a32894dc298bcab9218a21,12,0x46896f0f51119f488395bc4a40d7655eb29b6535,0x25f46306aaa6762b2242d4e8aa2ba851cd24ff72,2000000000000000000,21000,5000000000,0,1,0x,,548663,21000,7994411,0x,,2,received,0x25f46306aaa6762b2242d4e8aa2ba851cd24ff72
2,7979420,1560821459,0x6ee5e245478c6cb8f3cf61c7b03e87598e86439daca2abb846795f57634f73c9,4,0xfc5612c0e393ede3cd704fd20242f2d8f01e7422c71cc65871091281f79481f3,54,0xec766294c274649c6b94a8ed6bd7062d39ab1a0d,0x25f46306aaa6762b2242d4e8aa2ba851cd24ff72,4009976900000000000,21000,1100000000,0,1,0x,,5853093,21000,7994256,0x,,4.0099769,received,0x25f46306aaa6762b2242d4e8aa2ba851cd24ff72
3,12010234,1615371675,0xcb025604dd9fc1f1c1d18bca35137cde0c581d593ced89fed243f7318429fc31,0,0xe65ce950da1d2c1656d67190dd213f489887eae1ce5f067b56a87bb5ce992573,157,0x25f46306aaa6762b2242d4e8aa2ba851cd24ff72,0x7eebdadf53ea37a439411267898cc7f639a8c60a,1000000000000000000,21000,84000000000,0,1,0x,,11357860,21000,3963442,0x,,1,sent,0x25f46306aaa6762b2242d4e8aa2ba851cd24ff72
4,12010340,1615373223,0x0d2f6b13e1da818a9cae458e2ef44e0926f375d4ab4ec5b8fb55e140dca50ae2,1,0xbedd631ced1ec6b6d96fc1de60f3d97d81be4e5c9c23fe1908bec85ebed83aee,53,0x25f46306aaa6762b2242d4e8aa2ba851cd24ff72,0x25f46306aaa6762b2242d4e8aa2ba851cd24ff72,250000000000000000,21000,138857142857,0,1,0x,,1925782,21000,3963336,0x,,0.25,sent,0x25f46306aaa6762b2242d4e8aa2ba851cd24ff72
5,12010349,1615373378,0xc9765bb54222ce0f9656d2959b03bf2267790d9198c115fb91967bbf17ff2ab0,2,0x7c5936d88ae54f0a2cdf611b57903fa3622f9d9052ce952b0f29fab62a113342,14,0x25f46306aaa6762b2242d4e8aa2ba851cd24ff72,0x25f46306aaa6762b2242d4e8aa2ba851cd24ff72,1000000000000000000,21000,138857142857,0,1,0x,,973412,21000,3963327,0x,,1,sent,0x25f46306aaa6762b2242d4e8aa2ba851cd24ff72
6,12010355,1615373419,0x4f62c8bdd4aa47dd839094d3916fc88e42f82c9c98ed0239131dbf7fc47e86c3,3,0x9b2c343372f29875704db48037f655eb20b046f75ca8245b4c6f0a9c53f9b110,24,0x25f46306aaa6762b2242d4e8aa2ba851cd24ff72,0x699172aa6b70dbfe835f4257396e272573378ac2,250000000000000000,21000,138857142857,0,1,0x,,1726228,21000,3963321,0x,,0.25,sent,0x25f46306aaa6762b2242d4e8aa2ba851cd24ff72
7,12010390,1615373936,0xcf1aa7adfc996058294ac699346d8d106f66e0f941c8f48f765f4c41eec450fe,4,0xe2ac1cfef7ded7a68e91517102e0a34d0fd79b694ef5892eebe339215e386a1a,33,0x25f46306aaa6762b2242d4e8aa2ba851cd24ff72,0x35f5c0ac1aa8750c5d6bd71ddd49a255a12f304f,2000000000000000000,21000,138857142857,0,1,0x,,1794259,21000,3963286,0x,,2,sent,0x25f46306aaa6762b2242d4e8aa2ba851cd24ff72
8,12010421,1615374279,0x4ad16b22ec6e7ad3fc96627fb12755dd8c23a270572b11566ae720a2bdf8a446,5,0xd78fd346b84a5befa320c58f1befb717750f931bbc4b05c69eeeaa970e1baee3,68,0x25f46306aaa6762b2242d4e8aa2ba851cd24ff72,0x35f5c0ac1aa8750c5d6bd71ddd49a255a12f304f,5000000000000000000,21000,138857142857,0,1,0x,,2512558,21000,3963255,0x,,5,sent,0x25f46306aaa6762b2242d4e8aa2ba851cd24ff72
9,12010487,1615375204,0x792d666a6d441896a60a5bc39bc17f70eee9184e11a80c944b4c7c1313deeac2,6,0x3c12775aa43735ee98bffeb0937186bb05a253b55e36d05041860ecb040b098b,0,0x25f46306aaa6762b2242d4e8aa2ba851cd24ff72,0x0018a51993f0e48a537c149fa9ac6c9dbc63ac05,4000000000000000000,21000,164000001784,0,1,0x,,21000,21000,3963189,0x,,4,sent,0x25f46306aaa6762b2242d4e8aa2ba851cd24ff72
10,12010522,1615375633,0xaf7133bf21ae3ec9b2b3ddbfb08b7de6ba98b39ccc1ecada9c7951bbc14654cf,7,0x1d714cb869b6d7d1bfacef3e582cde71692695a39b228f60bec6a9a6ce3a3f6a,39,0x25f46306aaa6762b2242d4e8aa2ba851cd24ff72,0x0018a51993f0e48a537c149fa9ac6c9dbc63ac05,3700000000000000000,21000,164000001784,0,1,0x,,2193559,21000,3963154,0x,,3.7,sent,0x25f46306aaa6762b2242d4e8aa2ba851cd24ff72
