,blockNumber,timeStamp,hash,nonce,blockHash,transactionIndex,from,to,value,gas,gasPrice,isError,txreceipt_status,input,contractAddress,cumulativeGasUsed,gasUsed,confirmations,methodId,functionName,eth value,txn type,AccountId
0,5004880,1517390864,0xbf59d41ff23d437edfd0ecfe77a9def2311d4465d446f2bd0454f3c1cec53405,4,0x52be0b21b03dcf0c9ca78c1b35bc4da7050144b923b1ebbfbae4277e96b19415,33,0x27762a394aeac2096faafbb3ee24393a2426efec,0xa1ce6a77c6b0d54e305f1e23633b3778693e9818,8000000000000000000,21000,21000000000,0,1,0x,,1388778,21000,10968890,0x,,8,received,0xa1ce6a77c6b0d54e305f1e23633b3778693e9818
1,5005961,1517406721,0xa5fe75998ee6b232bb286128db989b60e5fe5e3b187720345402ce77395fd22d,0,0x87607cfe1f26391e6fa278468dacf5a53289f0869c71d1721a99937360a9c8fa,254,0xa1ce6a77c6b0d54e305f1e23633b3778693e9818,0x6a94bf98017cf39426dfbee438d20f2649349221,50000000000000000,21000,10000000000,0,1,0x,,7260874,21000,10967809,0x,,0.05,sent,0xa1ce6a77c6b0d54e305f1e23633b3778693e9818
2,5005974,1517406955,0x3702c7d29f9381828e35c5d481497e446eacab4ec0e540868985d4e0b431a5cd,1,0x085f844bd54720a608fc896ba197960aa807cfae2b06b90062d9604e3c5d082a,79,0xa1ce6a77c6b0d54e305f1e23633b3778693e9818,0x6a94bf98017cf39426dfbee438d20f2649349221,2950000000000000000,21000,23000000000,0,1,0x,,2383071,21000,10967796,0x,,2.95,sent,0xa1ce6a77c6b0d54e305f1e23633b3778693e9818
3,5011343,1517485464,0xb214e36a8f0954a63b8a6d5e161981db8b740b80a34d47c13f6c7cbce1d1a17c,2,0x7a0e80d3aa360af0b16e57568b46a291a4c890052fefa7fb1f2e017b340cb618,51,0xa1ce6a77c6b0d54e305f1e23633b3778693e9818,0xddd63d3a6ab45f70080c47e9278abb2e4a27b551,4998824000000000000,21000,23000000000,0,1,0x,,1732695,21000,10962427,0x,,4.998824,sent,0xa1ce6a77c6b0d54e305f1e23633b3778693e9818
