,blockNumber,timeStamp,hash,nonce,blockHash,transactionIndex,from,to,value,gas,gasPrice,isError,txreceipt_status,input,contractAddress,cumulativeGasUsed,gasUsed,confirmations,methodId,functionName,eth value,txn type,AccountId
0,14403756,1647516657,0x280e7bd2232f1338de496f29cee0b9d6127a1938282a7d59be48eb5af4afb906,5368414,0x2efc1f2fff76864d49da5804a47bfca46ecdd96c767687c9c781b6a4bfc0a47c,195,0xddfabcdc4d8ffc6d5beaf154f18b778f892a0740,0xb49fdbf1b1d2e2cb67bd8b8357f3e70c526d741d,500000000000000000,21000,18634056856,0,1,0x,,12958590,21000,1569526,0x,,0.5,received,0xb49fdbf1b1d2e2cb67bd8b8357f3e70c526d741d
1,14411358,1647619144,0xab3d4485fae981cfb8edc15f6772a513ed6dd221f21dff345580e5c80c3858f5,0,0x843c0e96e26e411835ca79ed4511d81559382b6217bec49c5a03d6c2b303ffbf,50,0xf69e0fcf83acfeab38aaff443331f23a9bc1f96d,0xb49fdbf1b1d2e2cb67bd8b8357f3e70c526d741d,503988323900579000,21000,75912671401,0,1,0x,,4795824,21000,1561924,0x,,0.503988323900579,received,0xb49fdbf1b1d2e2cb67bd8b8357f3e70c526d741d
2,14415286,1647671759,0x911a1f8e0236a51c32860675a6837caaea41130da88fb32cab552423600bdccc,270613,0x58baa47e93c508be97060928063f544ffcf0ce22f89ccbbb0deb307b9ba84073,12,0x618ffd1cdabee36ce5992a857cc7463f21272bd7,0xb49fdbf1b1d2e2cb67bd8b8357f3e70c526d741d,26200000000000000,21000,44000000000,0,1,0x,,931986,21000,1557996,0x,,0.0262,received,0xb49fdbf1b1d2e2cb67bd8b8357f3e70c526d741d
3,14416502,1647688171,0x4f85ec3149d12faa5b56d60aafab125c8a63b87ab07d2772a7c0409d9c399895,0,0xf6dcc586c64f5471efad89ff20481f690989d6abd25e3030605598d3d8a955ec,70,0xb49fdbf1b1d2e2cb67bd8b8357f3e70c526d741d,0x95ad61b0a150d79219dcf64e1e6cc01f0b64c4ce,0,62159,25000000000,0,1,0xa9059cbb0000000000000000000000002c257bb134ca294bb3b4d9c68022cc6e5d5b8d990000000000000000000000000000000000000000002646402d40628f860a4000,,4616375,30007,1556780,0xa9059cbb,"transfer(address _to, uint256 _value)",0,sent,0xb49fdbf1b1d2e2cb67bd8b8357f3e70c526d741d
4,14416547,1647688768,0x8d8899c8d27d7459eef509051ae50bb86b93b5e88e0daa094ba3ed011a8335d8,1,0x1ebe84ca220efb5f7ee50be3d07b7b6989c4b3434f6821996d7d629045889a5e,11,0xb49fdbf1b1d2e2cb67bd8b8357f3e70c526d741d,0x2c257bb134ca294bb3b4d9c68022cc6e5d5b8d99,1028955148900579000,21000,23000000000,0,1,0x,,772644,21000,1556735,0x,,1.028955148900579,sent,0xb49fdbf1b1d2e2cb67bd8b8357f3e70c526d741d
